0 0.873046875 0.2294921875 0.23828125 0.181640625 
1 0.83203125 0.7978515625 0.2265625 0.076171875 
2 0.8740234375 0.068359375 0.064453125 0.12109375 
3 0.826171875 0.9599609375 0.05859375 0.060546875 
4 0.556640625 0.326171875 0.0859375 0.0859375 
5 0.40625 0.6630859375 0.0234375 0.068359375 
6 0.5439453125 0.208984375 0.076171875 0.05078125 
7 0.271484375 0.5830078125 0.0546875 0.037109375 
8 0.2353515625 0.3046875 0.115234375 0.08203125 
9 0.462890625 0.9345703125 0.0703125 0.068359375 
10 0.126953125 0.9638671875 0.0625 0.052734375 
11 0.197265625 0.5322265625 0.02734375 0.048828125 
12 0.4072265625 0.21484375 0.056640625 0.05078125 
