0 0.2431640625 0.2734375 0.294921875 0.27734375 
1 0.84765625 0.6064453125 0.16015625 0.177734375 
2 0.939453125 0.7421875 0.1015625 0.0703125 
3 0.5166015625 0.1298828125 0.052734375 0.056640625 
4 0.7216796875 0.068359375 0.072265625 0.07421875 
5 0.80859375 0.3330078125 0.0234375 0.068359375 
6 0.8330078125 0.8017578125 0.091796875 0.033203125 
7 0.90234375 0.48828125 0.0234375 0.0546875 
8 0.6787109375 0.537109375 0.091796875 0.10546875 
9 0.2529296875 0.87890625 0.060546875 0.0390625 
10 0.6142578125 0.3515625 0.080078125 0.02734375 
11 0.9716796875 0.22265625 0.048828125 0.02734375 
12 0.0712890625 0.66796875 0.080078125 0.0625 
