0 0.4375 0.7177734375 0.23828125 0.181640625 
1 0.125 0.7900390625 0.16015625 0.177734375 
2 0.275390625 0.8984375 0.0703125 0.1015625 
3 0.7373046875 0.1103515625 0.052734375 0.056640625 
4 0.109375 0.1748046875 0.08203125 0.087890625 
5 0.28515625 0.392578125 0.05859375 0.05859375 
6 0.2021484375 0.4638671875 0.080078125 0.048828125 
7 0.423828125 0.1826171875 0.0546875 0.037109375 
8 0.333984375 0.0556640625 0.10546875 0.091796875 
9 0.095703125 0.3408203125 0.0703125 0.068359375 
10 0.6943359375 0.830078125 0.052734375 0.0625 
11 0.3662109375 0.955078125 0.033203125 0.04296875 
12 0.82421875 0.0322265625 0.0390625 0.041015625 
