0 0.6513671875 0.482421875 0.244140625 0.234375 
1 0.3994140625 0.142578125 0.208984375 0.125 
2 0.8818359375 0.466796875 0.173828125 0.04296875 
3 0.041015625 0.162109375 0.0625 0.0546875 
4 0.6494140625 0.126953125 0.072265625 0.07421875 
5 0.677734375 0.216796875 0.05859375 0.05859375 
6 0.693359375 0.93359375 0.0703125 0.0625 
7 0.9677734375 0.134765625 0.048828125 0.08203125 
8 0.435546875 0.3994140625 0.03515625 0.041015625 
9 0.8681640625 0.294921875 0.060546875 0.0390625 
10 0.7373046875 0.724609375 0.044921875 0.0703125 
11 0.9091796875 0.521484375 0.048828125 0.02734375 
12 0.80078125 0.1376953125 0.0390625 0.056640625 
