0 0.4892578125 0.81640625 0.181640625 0.23828125 
1 0.724609375 0.3759765625 0.2265625 0.076171875 
2 0.3310546875 0.4599609375 0.041015625 0.095703125 
3 0.306640625 0.6640625 0.0546875 0.0625 
4 0.421875 0.3759765625 0.07421875 0.091796875 
5 0.951171875 0.435546875 0.0859375 0.046875 
6 0.8486328125 0.5673828125 0.033203125 0.091796875 
7 0.27734375 0.87890625 0.046875 0.0390625 
8 0.900390625 0.65625 0.05078125 0.0546875 
9 0.828125 0.3037109375 0.0703125 0.068359375 
10 0.732421875 0.1298828125 0.0625 0.060546875 
11 0.916015625 0.73046875 0.0390625 0.0546875 
12 0.7578125 0.8193359375 0.0390625 0.056640625 
