0 0.75390625 0.4404296875 0.234375 0.244140625 
1 0.8134765625 0.7578125 0.076171875 0.2265625 
2 0.9033203125 0.0234375 0.173828125 0.04296875 
3 0.1923828125 0.796875 0.025390625 0.046875 
4 0.1455078125 0.130859375 0.087890625 0.08203125 
5 0.0693359375 0.0537109375 0.076171875 0.041015625 
6 0.4287109375 0.775390625 0.076171875 0.05078125 
7 0.59375 0.123046875 0.046875 0.0390625 
8 0.0849609375 0.57421875 0.115234375 0.08203125 
9 0.755859375 0.9384765625 0.0703125 0.068359375 
10 0.3359375 0.7158203125 0.0625 0.052734375 
11 0.4560546875 0.310546875 0.048828125 0.046875 
12 0.5380859375 0.8544921875 0.052734375 0.041015625 
