0 0.353515625 0.8701171875 0.30078125 0.181640625 
1 0.8134765625 0.89453125 0.177734375 0.16015625 
2 0.53515625 0.3779296875 0.0546875 0.138671875 
3 0.4765625 0.3935546875 0.05859375 0.060546875 
4 0.783203125 0.10546875 0.06640625 0.08203125 
5 0.09375 0.931640625 0.0859375 0.046875 
6 0.5322265625 0.1552734375 0.048828125 0.080078125 
7 0.3173828125 0.4091796875 0.044921875 0.037109375 
8 0.6376953125 0.25390625 0.048828125 0.0546875 
9 0.6669921875 0.7861328125 0.044921875 0.091796875 
10 0.3564453125 0.6796875 0.080078125 0.02734375 
11 0.7509765625 0.552734375 0.048828125 0.02734375 
12 0.0927734375 0.103515625 0.056640625 0.0390625 
