0 0.4482421875 0.2177734375 0.205078125 0.248046875 
1 0.5244140625 0.744140625 0.177734375 0.16015625 
2 0.7822265625 0.94140625 0.173828125 0.04296875 
3 0.822265625 0.38671875 0.0546875 0.0625 
4 0.693359375 0.84375 0.0859375 0.0859375 
5 0.53515625 0.462890625 0.0859375 0.046875 
6 0.3955078125 0.5751953125 0.080078125 0.048828125 
7 0.6455078125 0.572265625 0.029296875 0.04296875 
8 0.7275390625 0.5234375 0.041015625 0.03515625 
9 0.818359375 0.03125 0.0859375 0.0546875 
10 0.91796875 0.5732421875 0.0703125 0.044921875 
11 0.583984375 0.1953125 0.0390625 0.0546875 
12 0.2275390625 0.78515625 0.080078125 0.0625 
