0 0.8525390625 0.55078125 0.244140625 0.234375 
1 0.484375 0.4970703125 0.125 0.208984375 
2 0.2998046875 0.74609375 0.083984375 0.15234375 
3 0.8798828125 0.853515625 0.060546875 0.05859375 
4 0.7197265625 0.958984375 0.072265625 0.07421875 
5 0.474609375 0.9033203125 0.0234375 0.068359375 
6 0.5732421875 0.08984375 0.080078125 0.046875 
7 0.94140625 0.7587890625 0.04296875 0.029296875 
8 0.90625 0.1787109375 0.0546875 0.048828125 
9 0.5859375 0.7099609375 0.0703125 0.068359375 
10 0.830078125 0.0439453125 0.02734375 0.080078125 
11 0.142578125 0.9296875 0.0390625 0.0546875 
12 0.3486328125 0.35546875 0.041015625 0.0390625 
