0 0.6162109375 0.14453125 0.294921875 0.27734375 
1 0.10546875 0.3544921875 0.16015625 0.177734375 
2 0.7431640625 0.5791015625 0.095703125 0.041015625 
3 0.62109375 0.7939453125 0.05859375 0.060546875 
4 0.1748046875 0.8828125 0.087890625 0.08203125 
5 0.3115234375 0.2109375 0.068359375 0.0234375 
6 0.7216796875 0.7978515625 0.048828125 0.080078125 
7 0.974609375 0.263671875 0.0234375 0.0546875 
8 0.888671875 0.4541015625 0.10546875 0.091796875 
9 0.330078125 0.744140625 0.0546875 0.0859375 
10 0.3935546875 0.44140625 0.080078125 0.0234375 
11 0.2734375 0.5751953125 0.04296875 0.033203125 
12 0.251953125 0.7861328125 0.0390625 0.056640625 
